32
121 21.00 221.00 122.00 1321.00 6777.00 
321 123.00 3435.00 57566.00 6442.00 2334.00 
323455 77777.00 7777777.00 87657.00 5675675.00 567567552.00 
9992 23123.00 123123.00 46346.00 65475656.00 435.00 
345 34534.00 534.00 645.00 645.00 7.00 
567 45.00 45.00 7.00 54.00 745.00 
7 457.00 45.00 6.00 457.00 65.00 
7 567.00 56.00 8.00 568.00 56.00 
7 657.00 56.00 7.00 65.00 8.00 
568 56.00 8.00 768.00 67.00 8.00 
6 865.00 8.00 76.00 8.00 67.00 
876 86.00 86.00 78.00 67867.00 8.00 
678 6.00 7.00 85.00 6.00 8.00 
54 85.00 8.00 865.00 8.00 856.00 
4856 465.00 4658.00 48.00 486.00 48.00 
48 486.00 645.00 